49700.00
68500.00
57500.00
49300.00
55800.00
57400.00
53400.00
58700.00
55000.00
53700.00
58700.00
61500.00
55400.00
77600.00
55000.00
55000.00
55800.00
59100.00
59200.00
58700.00
52900.00
54200.00
55100.00
53400.00
52100.00
55800.00
56600.00
54600.00
55800.00
56600.00
54600.00
55000.00
87000.00
55800.00
54600.00
68100.00
57900.00
108000.00
55400.00
62500.00
55800.00
55000.00
52900.00
56600.00
55400.00
53300.00
55000.00
53800.00
56200.00
55400.00
53300.00
54600.00
53800.00
49300.00
54200.00
59100.00
62400.00
56700.00
238900.00
53800.00
91600.00
58800.00
54200.00
53000.00
56300.00
55400.00
54600.00
191300.00
140400.00
60000.00
129300.00
68200.00
60000.00
53800.00
57400.00
57900.00
54200.00
55000.00
57500.00
54600.00
70600.00
56600.00
59100.00
64900.00
55900.00
117000.00
55100.00
54600.00
60000.00
55400.00
53800.00
54100.00
141200.00
55800.00
56200.00
52900.00
55400.00
57400.00
55900.00
52500.00
